Figure 4a
10 18
0 1
0 1
0 2
0 2
0 5
0 5
1 2
1 5
1 8
1 9
2 3
2 6
3 4
3 6
4 5
4 7
5 7
8 9
Figure 4b
10 18
0 1
0 2
1 2
1 4
2 3
2 9
2 9
3 4
3 5
3 6
3 9
3 9
4 7
4 8
4 9
4 9
5 6
7 8
Figure 4c
16 24
0 1
1 2
1 3
2 3
2 4
3 5
4 5
0 6
6 7
6 8
7 8
7 9
8 10
9 10
0 11
11 12
11 13
12 13
12 14
13 15
14 15
5 9
10 14
15 4
Figure 4d
11 25
0 1
0 2
0 3
0 4
0 5
0 6
0 7
0 8
0 9
0 10
1 2
1 2
2 3
3 4
3 4
4 5
5 6
5 6
6 7
7 8
7 8
8 9
9 10
9 10
10 1
Figure 4e
10 18
0 3
0 6
0 7
0 8
1 4
1 7
1 8
1 9
2 5
2 8
2 9
3 6
3 9
4 7
5 8
5 9
6 9
7 9
Figure 4f
10 18
0 3
0 6
0 7
0 8
0 9
1 4
1 7
1 8
1 9
2 5
2 8
2 9
3 6
3 9
4 7
4 9
5 8
5 9
Figure 4g
10 21
0 3
0 6
0 7
0 9
1 4
1 6
1 8
1 9
2 5
2 7
2 8
2 9
3 6
3 9
4 8
4 9
5 7
5 9
6 9
7 9
8 9
Figure 4h
10 21
0 3
0 6
0 7
0 8
0 9
1 4
1 7
1 8
1 9
2 5
2 8
2 9
3 6
3 9
4 7
4 9
5 8
5 9
6 9
7 9
8 9
