4 cycles on the outer ring
9 20
0 1
0 2
0 3
0 4
0 5
0 6
0 7
0 8
1 2
1 2
2 3
3 4
3 4
4 5
5 6
5 6
6 7
7 8
7 8
8 1
5 cycles on the outer ring
11 25
0 1
0 2
0 3
0 4
0 5
0 6
0 7
0 8
0 9
0 10
1 2
1 2
2 3
3 4
3 4
4 5
5 6
5 6
6 7
7 8
7 8
8 9
9 10
9 10
10 1
6 cycles on the outer ring
13 30
0 1
0 2
0 3
0 4
0 5
0 6
0 7
0 8
0 9
0 10
0 11
0 12
1 2
1 2
2 3
3 4
3 4
4 5
5 6
5 6
6 7
7 8
7 8
8 9
9 10
9 10
10 11
11 12
11 12
12 1
7 cycles on the outer ring
15 35
0 1
0 2
0 3
0 4
0 5
0 6
0 7
0 8
0 9
0 10
0 11
0 12
0 13
0 14
1 2
1 2
2 3
3 4
3 4
4 5
5 6
5 6
6 7
7 8
7 8
8 9
9 10
9 10
10 11
11 12
11 12
12 13
13 14
13 14
14 1
8 cycles on the outer ring
17 40
0 1
0 2
0 3
0 4
0 5
0 6
0 7
0 8
0 9
0 10
0 11
0 12
0 13
0 14
0 15
0 16
1 2
1 2
2 3
3 4
3 4
4 5
5 6
5 6
6 7
7 8
7 8
8 9
9 10
9 10
10 11
11 12
11 12
12 13
13 14
13 14
14 15
15 16
15 16
16 1
9 cycles on the outer ring
19 45
0 1
0 2
0 3
0 4
0 5
0 6
0 7
0 8
0 9
0 10
0 11
0 12
0 13
0 14
0 15
0 16
0 17
0 18
1 2
1 2
2 3
3 4
3 4
4 5
5 6
5 6
6 7
7 8
7 8
8 9
9 10
9 10
10 11
11 12
11 12
12 13
13 14
13 14
14 15
15 16
15 16
16 17
17 18
17 18
18 1
